Probe	BSNeX	NCNeX	TRNeX	BSSeX	NCSeX	TRSeX	BSWeX	NCWeX	TRWeX
TRINITY_DN82301_c1_g3_i11	1.06905987036131	0.574359312168171	-0.276665084579033	-2.77721070062882	-3.50101488246779	-3.43161733866616	2.99921531971765	2.52741050684889	2.81646299724579
TRINITY_DN21770_c0_g2_i1	-1.65144200094525	-2.37461555007681	-2.37595957743579	1.50991202665573	1.12933301257194	1.71989024687097	1.29181068745561	0.2078809048741	0.543190250029493
TRINITY_DN77922_c0_g2_i4	-0.896831635779404	0.584173739981078	-0.486486879380807	1.68576321830448	2.10288876489733	1.68929010611127	-2.21229837835978	-1.37866687095091	-1.08783206482325
TRINITY_DN82301_c0_g1_i2	1.81926654314036	1.21369883809001	0.301161679340349	-0.470109436571773	-0.629154765188981	0.0421627867417117	-0.79779680074782	-0.681432044056036	-0.79779680074782
TRINITY_DN77984_c0_g1_i1	2.14677260044837	0.879298804217496	0.771634224479521	-0.706510845700573	-0.847960160984882	0.20029500762234	-0.889203143216763	-0.807863515764824	-0.746462971100681
TRINITY_DN79591_c1_g1_i2	-0.300184443586903	0.728516890115379	0.151134529263075	0.354953351193809	0.126268435563885	0.11114042165107	-0.396353266039419	-0.39203597092464	-0.383439947236255
TRINITY_DN82287_c5_g6_i1	-0.824115300690075	-0.809174414528293	-1.35993892877392	-0.578651744682318	-1.00761779391098	0.239603750806785	1.23945291658591	1.65443899150302	1.44600252368988
TRINITY_DN165888_c0_g1_i1	-1.95412940341322	-1.95412940341322	-1.95412940341322	3.41138817470857	4.90279405697993	2.66815674341458	-1.95412940341322	-1.21169195803696	-1.95412940341322
TRINITY_DN78663_c0_g1_i2	0.33501218894035	0.545362244567459	1.54957449585437	-0.695901538595116	-0.782201384989336	-0.699896082100142	0.497906534203399	-0.546959938750881	-0.202896519130106
TRINITY_DN77223_c0_g2_i5	-0.701323587005329	-0.643721065369813	-0.600098844510505	0.740824991725438	0.713425805424651	1.22600947133239	-0.816416751437269	0.638014186141662	-0.556714206301223
TRINITY_DN57067_c0_g1_i1	-1.80569772055836	-1.42067817001353	-1.27385153248857	2.52251650736295	0.751835718564113	1.7500595315402	-0.467618113086587	-0.0377763813585044	-0.0187898399617201
TRINITY_DN83140_c0_g1_i4	-1.54793416759421	-0.257625041423585	-0.646709945049131	2.13376048849165	1.41124917691836	1.90215005237217	-1.41246291847078	-1.04793984883242	-0.534487796412057
TRINITY_DN81822_c0_g1_i1	-0.0800712633578051	3.07985675082698	-1.26693862015838	-1.59002040966212	-1.59002040966212	-1.59002040966212	0.678413983914268	0.10775340989307	2.25104696786822
TRINITY_DN73130_c0_g1_i1	1.50822485128796	0.246118843651268	1.27453680429033	-0.500014025464356	-0.505773294753041	-0.505773294753041	-0.505773294753041	-0.505773294753041	-0.505773294753041
TRINITY_DN83863_c7_g3_i1	-1.32211095051434	-1.32211095051434	-1.32211095051434	-0.737148449793184	1.04916910350831	-1.32211095051434	2.35201068211805	1.26597400801964	1.35843845820454
TRINITY_DN83801_c1_g3_i6	3.99360102257487	0.888173081701209	4.20318782373276	-1.80501726908636	-1.82627638845817	-1.65613507469205	-0.22550072036219	-1.44484728182214	-2.12718519358792
TRINITY_DN4534_c0_g1_i1	-2.89821964525812	-1.85416920201378	-2.22330117318436	4.45172161426403	5.67912342136111	1.31921428175814	0.599194699483427	-2.54266657893282	-2.53089741747764
TRINITY_DN70088_c0_g2_i1	0.514952299771108	-0.972771796404136	-0.221793706987936	-1.29224659621801	-2.58939129492722	-2.02747393032108	3.37953855754577	1.22293924908782	1.98624721845368
TRINITY_DN78478_c1_g1_i1	2.0692759931701	1.1312847105118	4.50307866451102	-1.5719547271978	-1.45984436087627	-1.32377157540131	-1.24517723264905	-1.35896100386361	-0.743930468204879
TRINITY_DN69617_c0_g1_i1	-1.46578475489308	-0.969725198397593	-1.60912959517873	2.9136026893489	1.3732361129282	1.88326391376746	-0.399946941530337	-0.585712930747566	-1.13980329529725
TRINITY_DN82466_c2_g1_i6	-0.887004851100449	-1.37124557649857	-0.937313122708703	1.14248012722728	1.9546193098462	1.02324383676089	1.17847911082491	-1.79228950095667	-0.310969333394887
TRINITY_DN82809_c0_g2_i7	1.08260447579646	0.967789957074852	0.570585750883326	-0.454443043608196	-0.454443043608196	-0.454443043608196	-0.454443043608196	-0.454443043608196	-0.348764965713659
TRINITY_DN82682_c3_g4_i7	-0.51362717764528	-1.10865413320601	-0.141658400258322	1.16460544657195	1.18122322740723	0.986238600507873	-0.609860228523351	-0.465575048239138	-0.492692286614953
TRINITY_DN58159_c0_g2_i1	-0.716132681627929	2.69824954809572	0.207222935907042	-1.6990815896887	-1.72313761503227	-1.57753229278537	1.45160251126766	0.383275932603613	0.975533251260238
TRINITY_DN44279_c0_g1_i1	-1.92521858059705	0.105848810021425	-1.14838983141395	1.66302768383913	2.44027076875009	2.10973838991119	-1.63018571277275	-0.686408259978995	-0.928683267759085
TRINITY_DN78622_c0_g1_i5	2.00357153598044	-1.20299932111539	1.31088977723837	-1.20588182964851	-1.20588182964851	-1.20588182964851	0.352385804407225	0.945002741656514	0.208794950778375
TRINITY_DN76602_c0_g1_i1	1.81421298229624	-0.22635715825375	0.536519670647429	-0.843655641094596	-0.843655641094596	-0.843655641094596	0.616300498559527	0.626751069724734	-0.836460139690393
TRINITY_DN78663_c1_g1_i1	1.45484300152769	1.19698850463353	1.87799458142673	-1.24928608260709	-1.4450789641289	-1.54101770801745	1.19588664991534	-1.360517505273	-0.129812477476859
TRINITY_DN72410_c0_g1_i1	3.50482124272837	2.27798400305948	2.37088497692004	-1.81541289959741	-2.02186377706483	0.845846524721761	-1.35259488052	-1.96850687781344	-1.84115831243396
TRINITY_DN78543_c1_g1_i1	1.78599401713485	1.14620362567304	1.11079828954184	0.816413413012704	-0.406058642637284	0.877455568644849	-1.7778962599677	-1.77501375143458	-1.7778962599677
TRINITY_DN81585_c2_g1_i2	-1.92452982427969	-1.93712843206052	-1.69154098218662	2.85678249764649	1.93971038828708	2.25648884633351	0.106686249350902	-0.177677214279486	-1.42879152881166
TRINITY_DN59858_c0_g1_i1	0.490390990969834	2.20426414891021	0.147903488751132	-1.4532204956277	-1.67527080289072	-1.5870334736664	0.6902893190998	0.348772197401713	0.833904627052131
TRINITY_DN72713_c0_g2_i3	-1.21058638403555	-1.47447796981954	-1.49744304844994	2.28228650101326	2.75201642638175	0.431775533687262	-0.446456526898174	-0.247159344639599	-0.589955187239477
TRINITY_DN82443_c11_g1_i3	0.898963043463858	-0.0870789476123219	1.89389837077275	-1.2446202245988	-1.24606219877271	-1.18670692115629	-0.437059423833622	-0.753439870198263	2.1621061719354
TRINITY_DN83413_c0_g2_i9	0.785354481493979	1.74964738814742	2.71870760916224	-0.970365072737589	-0.0830827617542198	-0.255819961042586	-1.33101027519781	-1.31522727795688	-1.29820413011456
TRINITY_DN116378_c0_g1_i1	-2.65742998111377	5.7125222996491	4.79599418965243	-3.41415883010141	-2.82349879572061	-2.8078786482902	-2.63968089057513	7.17127454843969	-3.33714389194011
TRINITY_DN76232_c0_g1_i1	-0.912145723299453	-1.38518056896275	-1.76797773124139	-1.07030568496512	0.428470904457483	0.0579533116629234	2.09474949091043	0.89133156304525	1.66310443839263
TRINITY_DN83282_c2_g1_i5	-1.88563422289092	1.31544941486723	1.27716493653856	-2.82658131731329	-2.19842166392181	-2.20727801488232	1.28416440372292	3.36692120193101	1.87421526194862
TRINITY_DN81511_c6_g2_i8	0.924307275987273	0.520734963201884	0.151897618140844	-0.664497291028277	-0.664497291028277	-0.664497291028277	0.557689016293835	-0.0406304291755789	-0.120506571363427
TRINITY_DN83391_c6_g2_i1	1.91887054437074	0.80403632213572	1.32668004646073	-1.90677698417452	-1.90965949270764	-1.90965949270764	-1.90821751853373	1.45252982524416	2.13219674991218
TRINITY_DN81819_c0_g3_i4	1.7916316348868	1.16998171118993	1.06686428380571	-0.988678464156571	-0.984356858206477	-0.988678464156571	-0.988678464156571	-0.980048159013131	0.901962779806873
TRINITY_DN83508_c2_g3_i10	-1.89911257830952	-1.3525153747974	-1.30718569884623	1.52683367791788	1.14867052584589	0.719684851137337	0.404331645549671	0.761051578353208	-0.00175862685082162
TRINITY_DN73249_c0_g2_i2	1.20849857736827	0.51763806400591	0.751803002961366	-0.553485476834772	-0.594728459066654	0.299022042653912	-0.535373181450232	-0.522965789766562	-0.570408779871241
TRINITY_DN82301_c1_g3_i6	1.05079319305588	-1.49570541810353	-0.591626279762335	-1.41058880446558	-1.83712194258226	-1.83712194258226	3.20056776386446	1.62650051426964	1.29430291630599
TRINITY_DN69320_c0_g2_i1	-0.409026307825662	0.910195475942357	-1.23401031827761	1.98844598193281	1.49641427910573	2.00220818907638	-1.41134236801056	-2.26488788086884	-1.0779970510746
TRINITY_DN84093_c0_g1_i1	1.83027689803482	1.73618388441009	2.42729153397426	-1.21731181569193	-1.34307224717895	-1.72174916862152	-0.360951111880933	-0.376091768229553	-0.974576204816274
TRINITY_DN77143_c0_g1_i4	-2.94621454661439	-3.03906332503806	-2.49641162917487	3.43508805554159	2.23077951622752	1.55503470892137	1.79984910516207	-0.442852020533405	-0.096209864491827
TRINITY_DN83037_c7_g1_i1	-1.29399166435559	-0.513413584314581	-1.00120549275092	1.5932095008996	1.24679339753132	1.39228233026878	-0.6242413947641	0.185764117381357	-0.985197209895865
TRINITY_DN82809_c0_g2_i10	1.89067047283917	0.097042757162952	0.777666750400662	-0.722625426333504	-0.722625426333504	-0.722625426333504	0.327702127224921	-0.202580402293686	-0.722625426333504
TRINITY_DN80807_c0_g1_i2	-0.518312209408191	3.35388112469532	-0.33430526601746	-2.25790337049356	-2.16596763869702	-2.63797115451209	2.25974699396185	-0.596350411364217	2.89718193183536
TRINITY_DN75055_c0_g3_i1	-0.732186516984447	-0.741854875956344	0.220522824462543	-2.99251333045475	-1.99107135628084	-2.49886599647954	3.52885154799147	1.42108075195443	3.78603695174748
TRINITY_DN62391_c0_g2_i1	-1.13018107509701	-0.464275573721471	0.00718440932377895	2.3290664881662	1.70009161303794	1.33945181898386	-1.64573066683188	-1.3313468512166	-0.804260162644804
TRINITY_DN21770_c0_g1_i1	-1.48162779893043	-1.57384417015141	-2.28226836812048	1.46761839890161	1.07388283455744	1.35969410660542	1.33226552108893	-0.0527293160315425	0.15700879208047
TRINITY_DN65053_c2_g1_i1	-0.861669236926938	-1.81974855078072	-2.61449938400551	-3.05180365191708	-2.72594033550569	-3.48914815387891	4.6362759322927	5.92069173814875	4.00584164257341
TRINITY_DN82714_c1_g1_i3	-1.84301680808926	-1.44685731901611	-1.84301680808926	-1.84301680808926	-1.84301680808926	-1.84301680808926	1.90017498765236	3.64154027558051	5.12022609622956
TRINITY_DN66411_c1_g1_i1	-1.15114337647129	-0.791580066756833	-0.745204707461463	1.17263314280844	0.97675685257456	1.87598833489991	-1.85389696045063	-0.226342583005003	0.742789363862298
TRINITY_DN74917_c0_g1_i7	-0.266854836656858	-0.665469497896828	0.44168234918283	-0.786875444959332	-0.992376086897007	-0.784817391770251	1.28321963552315	1.41395229118978	0.357538982284513
TRINITY_DN84215_c0_g1_i1	-2.58852544734872	5.94995963124031	-2.84989886592633	-3.76293186587847	-3.16266211236947	-3.22887026345735	-1.1318275835126	5.71259284551134	5.0621636617413
TRINITY_DN73101_c0_g1_i5	1.88509912910292	1.04525635429641	1.28637537061743	-0.955464812947241	-0.955464812947241	-0.955464812947241	-0.573627729041194	-0.955464812947241	0.178756126813393
TRINITY_DN72410_c0_g2_i1	3.67925135502608	1.84995080087431	2.9309227221153	-1.5027186205431	-2.28387321316998	0.91991166911571	-1.86758283058105	-1.96069223497253	-1.76516964786474
TRINITY_DN80849_c6_g1_i1	-0.94365090808464	-2.81167521658955	-2.59641598401906	-1.37978960202491	-0.0999815882569965	0.806068940340618	3.43986723450549	2.26920771400107	1.31636941012799
TRINITY_DN11808_c0_g1_i1	-2.24362465348162	-2.24362465348162	-2.24362465348162	2.89223851188706	4.20841062006458	3.41812494632909	-0.390826760662846	-1.15344870369141	-2.24362465348162
TRINITY_DN83725_c2_g5_i12	-1.55800289363352	-2.4675875984113	-1.26874098766648	4.27491860083367	2.61493454408192	4.24147205061908	-2.88712648992509	-1.42687539098124	-1.52299183491704
TRINITY_DN78109_c6_g3_i1	-1.16609043621917	-2.15159086652405	-2.15159086652405	4.33894717515246	3.16223542986635	2.71675019523507	-2.10614789576289	-1.43877501208668	-1.20373772313704
TRINITY_DN66429_c2_g1_i1	1.05074289596293	1.00624919454812	-0.80604365032515	-0.80604365032515	-0.80604365032515	-0.80604365032515	1.07091524574442	0.216146589308916	-0.11987932426379
TRINITY_DN82714_c1_g1_i1	0.135635125626631	-0.768572370190791	-0.370755740480636	-2.61011018420853	-3.43579860050353	-3.30626739219271	3.30060944154863	3.08303417532139	3.97222554507954
TRINITY_DN82343_c1_g1_i3	0.733899082297599	-0.170240902294885	0.368651949730287	-0.655667729465126	-0.649908460176441	-0.649908460176441	1.42123335809214	0.117484667548926	-0.515543505556056
TRINITY_DN66073_c0_g1_i1	-0.761012198131348	4.01203774926307	-1.6392768476188	-2.24249653060781	-1.91769549409885	-2.34812188639112	2.21639032532963	-1.12572946505467	3.80590434730991
TRINITY_DN84002_c1_g2_i1	1.31737692509217	1.01025402325471	1.89051771735248	-1.2288384596872	-1.2288384596872	-1.2288384596872	0.652826159633147	-1.2288384596872	0.0443790134162971
TRINITY_DN73926_c0_g2_i1	2.77867533189144	2.2438949206578	0.80335193242853	-0.983202246013467	-1.5556068934038	1.1190797265242	-1.5556068934038	-1.5556068934038	-1.2949789852771
TRINITY_DN81545_c1_g1_i1	1.3392157616402	0.622655309152536	0.518959496328326	-0.551967498592826	-0.58336269486836	0.321217740052957	-0.51434801695318	-0.58336269486836	-0.56900740189129
TRINITY_DN82279_c7_g5_i2	-1.0466598919635	-1.36788794678574	-1.69266754847425	2.35164439023228	2.54763475117996	1.07770277132635	-0.434489828612727	-0.253561936753118	-1.18171476014925
TRINITY_DN48313_c0_g1_i1	0.203441815763705	-0.333539257391243	-1.06559133069153	1.71282753577921	1.34012879668972	0.8717530614587	-1.03843727918781	-0.949226573999748	-0.741356768421001
TRINITY_DN80232_c0_g1_i8	0.400858451225068	0.43478477419928	0.610678004796273	-0.26444217817938	-0.271623352990956	-0.274505861524078	-0.0867381144780527	-0.274505861524078	-0.274505861524078
TRINITY_DN79128_c1_g2_i2	0.282967010860349	-0.766743162248127	-0.475743012327156	3.14645568582862	-0.136556610888342	0.820745950398826	-0.957041953874721	-0.957041953874721	-0.957041953874721
TRINITY_DN81616_c5_g1_i2	-0.840633046262708	-0.839191072088801	-0.840633046262708	1.77924943880761	1.34269465978209	0.806911723446259	-0.840633046262708	0.135363911353736	-0.703129522512772
TRINITY_DN73865_c0_g2_i3	0.69753715802544	2.10443790394864	2.11806069304282	-1.35000123073792	-1.35000123073792	-1.24432315284338	-0.379147576397437	-1.29897722771345	0.702414663413218
TRINITY_DN82663_c3_g2_i1	2.23920443137564	2.10255703535588	1.38144607833652	-0.907950182012932	-1.01369866660009	-1.32278538233037	-0.491699314251388	-1.42070368458982	-0.566370315283438
TRINITY_DN78894_c2_g3_i2	1.8957339152611	0.28370951831265	-0.00499108424694228	-1.4718717540209	-1.47331372819481	-1.41811807395269	2.59793409126663	1.06423084376976	-1.47331372819481
TRINITY_DN62427_c0_g1_i2	1.30281545780161	1.5500732274697	-0.0733716978374196	0.0373800157150339	-0.265881988556763	-0.493134700983746	-0.685960104536137	-0.685960104536137	-0.685960104536137
TRINITY_DN82845_c1_g1_i7	0.602071864551734	-1.66850935033541	1.88205678659696	-1.66995132450931	-1.53638779876821	-1.51290761436373	0.715479712684206	1.45619557704513	1.73195214709864
TRINITY_DN71473_c0_g1_i2	0.947704692436702	0.650789624968104	0.381290555408179	-0.303361893049024	-0.358557547291149	-0.242192790599364	-0.358557547291149	-0.358557547291149	-0.358557547291149
TRINITY_DN165550_c0_g1_i1	0.0172288556764895	-1.45889356420366	-1.45889356420366	1.7430538922375	2.96555829536755	1.95321048047391	-1.45889356420366	-1.45889356420366	-0.843477266940793
TRINITY_DN83288_c0_g2_i3	-1.06741416656303	-1.17011233098201	-1.62219366178781	-1.09047318234363	-1.61548863790992	-1.02755610002887	3.61650776354421	3.06565471131921	0.911075604751854
TRINITY_DN78786_c1_g1_i1	-0.857876993746839	0.349241064513281	-1.02799751676383	1.39123543082085	2.19211792130499	1.48855408898473	-1.43146675181239	-0.974110374825286	-1.1296968684755
TRINITY_DN63671_c0_g1_i1	-0.890278025953404	-0.0242999780481075	-1.25069432994205	1.65364108709388	1.90508587988013	1.62462461046563	-0.910712399386822	-0.602427748066533	-1.50493909604271
TRINITY_DN55457_c0_g1_i1	-2.6644810859053	-2.93796762170758	-3.09010784694694	5.46955276212961	6.8199078292736	4.48906467089084	-2.60350602714417	-2.78806407198754	-2.69439860860251
TRINITY_DN83725_c2_g5_i7	-0.853450462147877	-1.27462180766897	-0.530232607828497	3.39982177252603	1.72985681232369	0.995345790176718	-0.930405645579823	-1.24632631150256	-1.2899875402987
TRINITY_DN75717_c2_g1_i1	-0.438664353514313	0.803463593605823	-0.513906483564075	2.33891845678938	1.51123668481546	1.29204612692848	-2.26225916886167	-1.41644591919936	-1.31438893699973
TRINITY_DN61368_c0_g2_i1	-1.37411279003595	-1.70632344382238	-2.34174924143435	1.42762461368357	0.633506301186039	1.48245926943338	1.06559443399805	0.205917415142971	0.607083441848674
TRINITY_DN82301_c1_g3_i5	0.119291723018202	0.0516889127725753	-0.750411912824916	-1.60561291292955	-1.17145032245408	-1.13836665035766	2.01700543845125	1.63021614486115	0.84763957946303
TRINITY_DN82301_c0_g1_i3	2.08648827053312	1.61683616723938	1.33827484876186	-1.13291261162512	-0.930024778154977	0.0687212495445297	-0.961705784206978	-1.13291261162512	-0.952764750466692
TRINITY_DN83696_c3_g2_i3	0.910369183539864	-0.21361953373559	-0.992669086573048	1.43975589023172	0.839613349127927	0.987356213665685	-0.991227112399142	-0.986909817284363	-0.992669086573048
TRINITY_DN62620_c0_g1_i1	1.11667921980329	2.6484697185057	2.4437137416395	-1.83876370620004	-0.28777276178185	-1.38507803802036	-0.54726987361091	-0.951403431174572	-1.19857486916076
TRINITY_DN70492_c0_g1_i1	-1.12806925936127	-0.961613825429723	-0.947392181933264	-0.819570008321556	0.203273735302049	-0.597280383311411	1.84301624487103	0.908879828298538	1.49875584988561
TRINITY_DN82809_c0_g4_i2	1.50609473194532	1.45301538522433	1.17137219761934	-1.12640615753919	-1.12640615753919	-1.12640615753919	0.0939237973403637	0.281218518027417	-1.12640615753919
TRINITY_DN57988_c0_g1_i1	-1.4826140873423	-1.79315741875004	-2.2891754913991	1.94500860922267	3.80360199039821	0.552359199150783	-0.0944148464707806	0.278656200950001	-0.920264155759439
TRINITY_DN83248_c2_g3_i13	-1.7170030623667	-1.71110716612941	-0.542346651213625	2.21184324507167	1.8438510973497	2.57138145762774	-1.98876726105866	-0.761041487124704	0.0931898278439851
TRINITY_DN81628_c2_g2_i8	1.65406794298152	1.91879872435123	0.959170144341635	-0.312942492480205	-1.07526165820798	-0.241867540106839	-0.91752219521378	-1.08102092749666	-0.903421998168927
TRINITY_DN95646_c0_g1_i1	-0.346359912687583	2.51817513256197	2.57003419557284	-1.62790980605422	-1.62790980605422	-1.51955262796381	-1.62790980605422	3.17831112434474	-1.51687849366548
TRINITY_DN79231_c0_g1_i2	0.112532724938714	0.0300274857207481	-0.366391021573849	-1.86566290474294	-1.43805673196104	-1.27111435519258	2.26130995151483	1.46661537831399	1.07073947298213
TRINITY_DN78968_c0_g2_i1	1.36844057748899	0.190315834763952	0.650992838084998	-0.434479621096285	-0.437300140158664	0.0157006260684684	-0.468695336434198	-0.468695336434198	-0.416279442283059
TRINITY_DN170454_c0_g2_i1	-1.2670708712782	-1.17019669802885	-0.924856807167829	1.43044742492458	1.58933261913995	0.71161355568619	-0.142269790259167	-0.235795616948499	0.00879618393182979
TRINITY_DN75995_c0_g1_i1	1.44390042527292	0.393293976835384	1.09710064812086	-0.729600712147036	-0.792942537715287	-0.565747900824242	0.147570082665171	-0.948691770393232	-0.0448822118145352
TRINITY_DN73718_c0_g1_i1	0.00532525822736352	3.92360110443113	0.898475222943393	-3.23557694374338	-2.50442988972002	-3.30531565377103	2.25190887002573	-0.611600288019416	2.57761231962623
TRINITY_DN97655_c0_g1_i1	-1.7838844911343	-2.21041762925097	-1.4431865922271	3.30553446152152	4.5012562265631	2.65302530509707	-1.40471244441246	-1.80116248256613	-1.81645235359073
TRINITY_DN77755_c0_g1_i3	-2.36898965289065	-0.928488838805772	-1.48575731309572	1.92512460112395	1.99818608945597	1.57156217911623	-0.513828228956927	0.447628346351316	-0.645437182298401
TRINITY_DN71458_c1_g1_i2	0.584194185829573	0.379715113575097	0.0439408928209061	0.862057427070539	-0.473082779243675	0.0195395493307711	-0.471640805069768	-0.473082779243675	-0.471640805069768
TRINITY_DN64558_c0_g1_i1	0.680073358179854	1.67520408389203	1.74706917906061	-1.25044698381356	-1.05631365364818	-0.745301922028817	-0.430666319707811	-1.21385493063466	0.59423718870055
TRINITY_DN79676_c4_g1_i7	1.7343790526914	0.504007985641191	0.252575891353389	-0.404844126300614	-0.444645134358589	-0.444645134358589	-0.3046543176032	-0.446087108532495	-0.446087108532495
TRINITY_DN83900_c2_g1_i6	1.77332521480174	1.14686384548929	1.51039243941714	-1.31702013498172	-1.31702013498172	-1.31702013498172	0.294152245062288	-1.31702013498172	0.543346795156403
TRINITY_DN52654_c0_g1_i1	-2.15201242117623	1.13596160870146	-3.68331287671089	3.17719089782832	3.1309707710696	3.26567746710752	-1.79258786803683	-1.33948232792446	-1.74240525085849
TRINITY_DN80953_c0_g4_i4	-1.71333722735674	-2.86621265482467	-1.18559791503983	1.33753440784161	3.05992921296839	2.15792412919244	0.313946045663007	-0.314597411291949	-0.789588587152266
TRINITY_DN80717_c2_g1_i1	-0.632000992081247	1.15850249642169	-0.617455942962087	0.881255904959412	1.34557282076066	1.22377151851518	-1.49364127822963	-0.780003054853151	-1.08600147253082
TRINITY_DN83123_c0_g1_i1	-0.210093320593429	0.175657508260951	-1.3781260217522	2.44355684808181	1.07831318571718	1.82005166055625	-1.19349656975032	-1.77657025046941	-0.959293040050841
TRINITY_DN83801_c1_g3_i1	2.75137530703656	4.6101001806597	0.535558658545589	-2.38727348093195	-1.13439950325217	-1.88567145614841	-2.17967806152358	0.443516962738781	-0.753528607124515
TRINITY_DN79959_c4_g1_i4	-2.57493599623819	-0.429972447240426	-1.36255809012896	2.71541332253731	2.92500267977389	3.45709461915832	-3.46551930962528	-0.535203707795096	-0.729321070441578
TRINITY_DN74934_c0_g1_i1	1.60218077910544	1.62758630277228	0.684771649363486	-0.376973780173649	-0.304601216627917	0.0102508272766302	-1.15956504856214	-0.830778628170666	-1.25287088498346
TRINITY_DN83900_c2_g3_i1	2.36939509640348	0.359157044300332	0.786153951999752	-1.00226976294206	1.48457672658755	-1.01190152526612	-1.07540446757228	-1.01190152526612	-0.897805538244543
TRINITY_DN79653_c0_g3_i3	-1.99108057352009	-3.72689831872071	-1.86428106937268	-0.423996919974438	-0.849823844594047	2.47355024824576	3.41209614749096	0.425848123692191	2.54458620675305
TRINITY_DN76876_c0_g1_i2	2.72642326414871	0.382309871893953	-0.377805568238216	-1.27852749580233	-1.27852749580233	-1.27708552162842	2.35443862910734	-0.357853084760713	-0.893372598917987
TRINITY_DN73656_c1_g1_i1	1.39172159588523	1.1859011291951	1.10141325872469	-0.745781927864705	-0.745781927864705	-0.0731302985363199	-0.622777973809885	-0.745781927864705	-0.745781927864705
TRINITY_DN72731_c0_g1_i1	2.28333455201165	0.928573874369526	2.55777351752968	-2.22543647029903	-2.74565455748973	-1.78588657239553	0.330191475896239	-0.253370058454685	0.910474238831875
TRINITY_DN80624_c1_g3_i4	1.99948665216701	1.27454622337821	1.62727858962858	-1.18436026329067	-1.48649956609749	-1.02901132035639	0.360389218903421	-0.874728268754219	-0.687101265578448
TRINITY_DN134379_c0_g1_i1	-1.86578094631359	5.31065281521346	0.137604868525796	-3.10600036462191	-2.96454201848166	-3.12664751546467	3.20887964592803	-2.64307863451501	5.04891214972954
TRINITY_DN59683_c0_g1_i1	-1.82876247282256	-1.75274363986287	-0.443088563610741	2.23006571213143	2.3424356286439	2.29669448948889	-1.19954370152651	-1.09016024201924	-0.554897210422302
TRINITY_DN65379_c0_g1_i1	2.73837162508477	2.83977279539256	0.71958277294551	-1.18268379613756	-1.01789751799422	-1.03863742652085	-1.18268379613756	-0.693140860495087	-1.18268379613756
TRINITY_DN77922_c0_g2_i3	-1.02217163456391	0.814872663192893	-0.48653684620632	1.59353743262926	1.58154072540605	1.65305602626634	-1.53052330500254	-0.871065958269302	-1.73270910345247
TRINITY_DN82942_c2_g2_i2	-1.37999479231809	-1.09645713291735	-0.57519497165607	1.73041038685212	2.60390729388219	1.27444907415718	-0.991710816985651	-0.731333658393331	-0.834075382620989
TRINITY_DN67639_c0_g1_i1	1.0587261872648	-1.41452331648861	-0.749183354418876	-2.2612070405286	-2.48951821905232	-2.21328221485782	5.13274871801582	3.64962821797864	-0.713388977913033
TRINITY_DN60475_c0_g2_i2	-4.03951328533815	-1.82194959272765	-2.42236172491129	-0.6688158209725	2.48309876355187	2.36390861034039	1.44017852874604	1.0227448844679	1.64270963684339
TRINITY_DN78557_c0_g1_i1	1.42045400147688	0.979996899607519	0.978350300561486	0.372700870028509	0.198277153093764	-0.468859070872531	-1.01103476028823	-1.458414444339	-1.01147094926839
TRINITY_DN82414_c0_g3_i10	1.31952516899014	-0.0282743705398819	0.22529590643426	-0.347605873311846	-0.349047847485752	-0.340417542342312	0.202837255985972	-0.349047847485752	-0.333264850244825
TRINITY_DN76116_c0_g1_i1	1.75958375090222	0.544835113992166	0.331715918912461	-0.639422178457511	-0.689052946182111	0.719658914847318	-0.689052946182111	-0.689052946182111	-0.64921268165032
TRINITY_DN82662_c3_g2_i1	4.29709676660858	3.93284228310123	1.28805852435594	-1.6828089788155	-1.38028289012485	-1.29275531774536	-1.76950860151062	-1.6216912101849	-1.77095057568452
TRINITY_DN79180_c4_g1_i2	3.37167894721088	1.91814424313523	2.46790883149284	-2.39242129471175	-2.36942426234896	-1.35540119621064	0.160135223755386	-2.36406605733776	0.563445565014772
TRINITY_DN77183_c0_g1_i2	-0.106696681474964	0.360792763367549	-0.701596848773182	-1.15580265818499	-1.13899437049843	-1.78471906984545	1.83668512742791	1.25291306212879	1.43741867585277
TRINITY_DN83826_c2_g6_i1	1.26261044382503	-0.0255957006217482	1.95304536673467	-0.375402828084548	-0.574525470098148	-0.516555401460818	-0.574525470098148	-0.574525470098148	-0.574525470098148
TRINITY_DN82557_c0_g2_i2	1.17846055153461	0.586063203977242	0.408153882253485	-0.504112745812965	-0.504112745812965	0.347886091299482	-0.504112745812965	-0.504112745812965	-0.504112745812965
TRINITY_DN81511_c6_g2_i2	0.382224515961132	1.20238045761431	0.801029014740809	-1.08778112624235	-1.08922310041626	-1.08922310041626	0.184591144170777	0.344804574247338	0.351197620340508
TRINITY_DN70125_c0_g1_i1	2.14643018132125	0.912935544939589	1.39780221095316	-0.796845219900387	-0.966770221342699	0.0468706893266873	-0.896380893451301	-0.966770221342699	-0.877272070503596
TRINITY_DN82663_c3_g3_i1	2.53060771330625	2.15885707987387	2.16288680479882	-0.813917374248022	-1.01183156976096	-1.37889821860913	-1.56666596565516	-0.693246462220299	-1.38779200748536
TRINITY_DN80159_c1_g5_i6	-0.432076571207482	-0.357282064196083	-0.473702116879434	0.70060591199634	0.524934921242255	1.07725899065695	-0.50259826251389	-0.204776377106901	-0.332364431991754
TRINITY_DN80624_c1_g5_i3	1.82948308876485	1.55276829590216	3.37198993178425	-1.93472729691701	-1.19503230725848	-1.46353067753507	0.0317881321964064	-1.96910834147992	-0.223630825457192
TRINITY_DN81899_c4_g2_i2	0.448478100477725	0.927754886188794	1.29846246435331	-0.463343258187349	-0.522461473743727	-0.539401336165439	-0.373267913885501	-0.363179096261917	-0.413042372775895
TRINITY_DN83725_c2_g5_i13	-2.41278313920106	-2.44285995573506	-1.09104109048597	3.11146617069924	0.547013318803343	5.49402218822334	-2.65311490934426	-1.43575423603037	0.883051653070796
TRINITY_DN173638_c0_g1_i1	-0.721267430028658	3.1906404470988	-0.320373510179803	-2.28051449049057	-2.28051449049057	-2.28051449049057	-0.0782535069285686	2.8580133109317	1.91278416057825
TRINITY_DN80568_c1_g1_i4	0.353233748410539	0.739768501100821	0.714142693425327	-0.421293931631695	-0.380691391435616	-0.444194333741774	-0.189600290708633	0.0728293383228065	-0.444194333741774
TRINITY_DN31056_c0_g1_i1	-0.769506053099509	-0.65580555393478	1.06682208082447	-0.769506053099509	-0.769506053099509	-0.769506053099509	1.23912425204393	0.691498556833965	0.736384876630448
TRINITY_DN74117_c0_g1_i1	1.29100662672458	1.39926249423052	0.673939885494359	-1.42121734754598	-1.16453873461561	-1.41636794788459	0.0698079271899985	1.80775245909489	-1.23964536268817
TRINITY_DN81628_c2_g2_i6	1.72500887538835	2.0946833728075	1.07668759419594	-0.0596196910435578	-0.853538072610881	-0.790138504430439	-1.05409211707512	-1.11897496865998	-1.02001648857181
TRINITY_DN81618_c7_g2_i3	2.19681022922389	1.93290109163415	0.966013068350302	-0.95113715860185	-1.50884197040807	-0.976945645383412	-0.675401616716065	-0.736377695020481	-0.247020303078461
TRINITY_DN83634_c1_g1_i6	0.103581478952085	0.285107324901161	-0.0961134896164781	0.953893179490821	0.916469195503804	0.927307934326996	-1.01150968145701	-1.16072764847553	-0.918008293625847
TRINITY_DN50278_c0_g1_i1	-1.53891246268408	-1.15545531669529	-1.49873300138379	-2.73545571942564	-2.78281498735239	-2.30463999016786	3.96977064058087	4.74570656307158	3.30053427405659
TRINITY_DN77468_c0_g1_i1	1.6593893823265	0.393528932413941	1.0144740746472	-0.605792311967381	-0.693933908836398	0.281329412842095	-0.693933908836398	-0.693933908836398	-0.661127763753157
TRINITY_DN81473_c0_g1_i2	-0.782822804489611	-0.521282645336147	-1.14795539794214	1.85114263576347	1.5203906904891	1.07454006935992	-0.753990122281898	-0.471687989676251	-0.768334435886432
TRINITY_DN83728_c1_g1_i2	-0.932177124770376	-1.85285153581199	-1.8427878524673	2.9811517080702	2.80610252948076	3.54392447497554	-1.85285153581199	-1.85285153581199	-0.99765912785284
TRINITY_DN83248_c2_g3_i6	-2.80318992240794	-2.01108921927025	-1.08063015252333	3.33715109447472	1.94428808162245	3.24577499836884	-0.281198088131901	-1.86105274679394	-0.490054045338646
TRINITY_DN66987_c1_g1_i1	1.49487707911265	2.38420704045846	1.1367245434935	-0.835968110510768	-0.835968110510768	-0.835968110510768	-0.835968110510768	-0.835968110510768	-0.835968110510768
TRINITY_DN193565_c0_g1_i1	-1.00819759817829	-1.44832148571465	-1.22197688921003	2.83822774499588	3.14483099918307	0.402809337566105	-1.1064996717901	-1.06751674996946	-0.533355686882524
TRINITY_DN82301_c1_g3_i4	0.8852769182711	-0.434082833465792	-0.478967081940864	-1.3429349454076	-1.36179397265891	-1.36995249604608	1.59851287223729	1.98806505497624	0.515876484034612
TRINITY_DN30140_c0_g1_i1	-0.85223591093273	-1.34774658704899	-1.74122224916622	-2.33370588097158	-3.03682140872062	-2.18037267675912	4.47752397966177	4.40240518281481	2.61217555112267
TRINITY_DN86162_c0_g2_i1	1.21988472024098	0.234306514522137	1.04415926441532	-0.807596016181126	-0.809037990355032	-0.809037990355032	-0.734532553991402	-0.212579850796046	0.874433902500195
TRINITY_DN69320_c0_g2_i4	-0.816819280451346	-0.773215853147184	-0.461481394252047	2.69696304301362	2.0345483638725	2.24657251845115	-1.71619631480843	-2.0747732190078	-1.13559786367046
TRINITY_DN73237_c0_g2_i1	-1.35770544160759	-1.35770544160759	-1.35770544160759	1.21542667619444	1.13977918971162	1.35334888020448	0.532157439757592	0.776515498153047	-0.944111359198412
TRINITY_DN75166_c0_g1_i2	1.34867954828002	1.02337587297938	0.222286860976664	-0.600468154374685	-0.606109197889692	0.261535610174144	-0.580896409863282	-0.59064909334424	-0.477755036938306
TRINITY_DN79180_c4_g1_i15	2.01207824853681	1.83489903318554	1.40739671816643	-1.55565578089396	-1.18126026611246	-1.20792821657454	0.481871618976225	-1.51512797431135	-0.276273380972685
TRINITY_DN81817_c5_g2_i2	0.862897365778406	1.91765727891987	1.43159698748626	-0.924552366779029	-1.51841273116146	-1.16407743922692	0.723810078788383	-1.82515862790685	0.496239454101333
TRINITY_DN82279_c7_g5_i1	-1.58595058715955	-0.326147992774879	0.224783045003732	1.55140655182633	2.21544531190842	1.54066713182135	-1.77794633869047	-0.687215841203617	-1.15504128073133
TRINITY_DN76867_c0_g1_i1	-0.515533982810101	-1.3137919154546	-1.3137919154546	2.70981829972804	2.4970624469569	1.87761281339816	-1.3137919154546	-1.3137919154546	-1.3137919154546
TRINITY_DN25576_c0_g1_i1	-2.29143707441673	-2.12026905913837	-1.68408762926359	1.20199032530992	2.42220430702943	3.2614385174861	-0.047132554793901	-0.826251398250951	0.08354456603809
TRINITY_DN50597_c0_g1_i1	0.826168387369902	0.895205535916849	0.96240310768438	-0.59997610766965	-0.59997610766965	-0.610355253449649	-0.399916872880097	-0.170468125582473	-0.303084563719612
TRINITY_DN65606_c0_g1_i1	-0.415520151457845	3.73128007358323	0.59097303755401	-2.72550302406116	-2.40054086908416	-2.43427172639671	1.66198528946933	-2.19469629338691	4.18629366378021
TRINITY_DN83725_c2_g5_i6	-2.5074561923324	-2.5074561923324	-2.5074561923324	3.7652389031481	2.67726049497504	5.2084097294183	-2.5074561923324	-2.5074561923324	0.886371834120591
TRINITY_DN25163_c0_g1_i1	-0.30549853612754	2.18765688613947	1.24772432704377	-1.94935472590227	-1.94935472590227	-1.94935472590227	0.420530476381752	-0.813819856141076	3.11147088041042
TRINITY_DN72132_c0_g1_i1	2.69404255572378	1.28740796353346	0.235413325895197	-0.477488563380539	-1.08293453702562	0.429160960284751	-1.04091790255205	-1.01838568919969	-1.02629811327928
TRINITY_DN80568_c1_g1_i8	0.384184568041898	-0.860862207860317	-0.412562254449725	1.91136819334879	1.42551032493217	1.09888632195519	-1.31714268937104	-1.31714268937104	-0.912239567225911
TRINITY_DN81076_c1_g2_i1	-1.04987222376547	2.06774806375048	-1.01382800237406	-0.738322542643482	2.80485382065272	2.57162882593148	-1.55880788562986	-1.52459217029195	-1.55880788562986
TRINITY_DN9045_c0_g2_i1	-1.21792912653099	-1.21792912653099	-1.20071983649877	0.650757638791145	0.837613621431295	1.25221724051052	-1.21792912653099	1.24438500063943	0.86953371471935
TRINITY_DN79169_c0_g1_i3	3.60089865807941	2.11064884437933	0.997045389080443	-0.42004660455155	-1.3013196659808	-1.29987769180689	-1.08470959723836	-1.3013196659808	-1.3013196659808
TRINITY_DN98549_c0_g1_i1	-0.964155469077424	0.138036286919127	-1.15528218689978	0.430691666853249	2.88345983887916	2.63615929400404	-1.48075561103709	-1.22471071257628	-1.26344310706499
TRINITY_DN78109_c4_g1_i2	-1.53615739708723	-1.59030674206331	-2.04553287166103	3.15968036130225	1.40627107222963	0.871320574193724	-0.100891800688678	0.536637495343837	-0.701020691569187
TRINITY_DN83549_c1_g1_i1	-1.99888259694697	-2.29806025182024	-1.81520444043733	1.75459929737016	2.11320633859195	3.48996174951037	0.558244349578326	-1.32236615833637	-0.481498287509902
TRINITY_DN77099_c0_g1_i4	-0.594909489396854	1.17217037736279	0.825133477149448	-0.645584963909835	-0.652766138721411	-0.655648647254532	-0.247480276546426	0.403014192124028	0.396071469192795
TRINITY_DN73926_c0_g1_i4	2.81414345888853	1.8362370049203	1.30131270347003	-1.4716286343613	-1.4219978666367	0.795008008152686	-1.37671698733584	-1.3821304835222	-1.09422720357551
TRINITY_DN74646_c0_g1_i1	0.536627134867779	3.80641956095892	-0.34011728670928	-2.19478415442611	-2.13000730342135	-2.24710134835657	0.974539786684255	-0.798287706124136	2.39271131652649
TRINITY_DN83331_c1_g5_i3	0.922899117797089	0.541979635328606	0.527571242550617	-0.895713324281188	-0.900034930231282	-0.900034930231282	0.855707249114108	0.00608602276581793	-0.158460082812486
TRINITY_DN121230_c0_g1_i1	1.25054778645922	1.89609474475457	0.637709118606358	-0.630725274970025	-0.630725274970025	-0.630725274970025	-0.630725274970025	-0.630725274970025	-0.630725274970025
TRINITY_DN82301_c1_g3_i1	1.56802495318102	-0.847076464682798	-0.201260623282892	-1.36315858490648	-3.78970644303195	-2.33276724374343	1.92668736148033	2.22803383593533	2.81122320905087
TRINITY_DN80624_c1_g5_i2	1.08094212567958	1.06231142233436	0.926837884364918	-0.658983107926283	-0.630919189508407	-0.65255683876685	0.222261981015235	-0.540338611427664	-0.809555665764892
TRINITY_DN48113_c0_g1_i1	-1.67363951319992	-1.46316578184423	-2.74471567521088	2.00336980703159	2.31801048771796	2.48021211453997	-1.16360549998533	0.44747849007247	-0.203944429121639
TRINITY_DN764_c0_g1_i1	-1.1729843891287	3.12539214700224	2.54804180039442	-2.1858771920096	-1.773107826895	-2.0654275596553	-1.57778996579659	5.20581569245839	-2.10406270636986
TRINITY_DN80941_c4_g1_i1	-1.47373387672038	-0.44060709711178	-0.834088453024177	1.87655586298607	1.1559148799233	1.99149022765233	-0.758447320234682	-0.523982066597659	-0.993102156873036
TRINITY_DN76385_c0_g1_i1	1.86471473021814	0.827179083449823	0.897228833832088	-0.676906636404712	-0.679605786005668	-0.266595968073806	-0.59055459818854	-0.731873095622641	-0.643586563204686
TRINITY_DN74184_c0_g1_i1	-0.653442420223898	-0.204210001061458	-1.939732178358	2.343671078539	2.23403488937871	2.50062209397093	-1.939732178358	-1.08135325327592	-1.25985803061137
TRINITY_DN81304_c3_g2_i4	-1.90808723508442	-0.213866458335858	-0.662663110943607	1.84533473072113	2.00919248516937	1.48879011352239	-1.28755093684447	-0.55391029309914	-0.717239295105403
TRINITY_DN79959_c4_g1_i3	-0.973588996494494	-1.00922782250416	-0.247042612398016	-2.24308163513144	-2.14440924775821	-2.22734558874028	2.65939117165146	3.75932115424771	2.42598357712741
TRINITY_DN77755_c0_g1_i2	-1.44815958757537	-0.973024146217367	-1.58192818736365	2.08708241342451	1.74192166963593	1.19973357370427	-0.398996926913702	0.34389971487124	-0.970528523565863
TRINITY_DN67109_c0_g1_i1	0.627374249045021	0.640242283262319	0.731410282352429	1.25092427552092	-0.82288950421757	0.208021772310118	-0.883935708946028	-0.857257376208498	-0.893890273118709
TRINITY_DN9150_c0_g1_i1	-3.2335375026865	-2.94700459579076	-1.25389949284635	4.91769313164414	5.28178060557361	4.87530658620247	-3.51201249013627	-1.71631175354459	-2.41201448841576
TRINITY_DN96882_c0_g1_i1	0.0118765582165914	-1.10249046673541	-0.17877078798602	1.71041843182634	0.9359457149207	1.93049194996402	-1.10249046673541	-1.10249046673541	-1.10249046673541
TRINITY_DN83549_c6_g9_i1	-2.2861662894329	-2.66430039206669	-1.93708377251191	2.27797472141257	2.18410538371047	2.63451500282085	0.321150470457504	-0.047549026347637	-0.482646098042266
TRINITY_DN65201_c0_g1_i1	-1.34034643667265	-0.980408576536924	-1.35385744608662	2.16488046659056	2.05043325941939	1.0755481141819	-0.706898755122301	-0.489244904597203	-0.420105721176159
TRINITY_DN77922_c0_g2_i2	-0.570753691486522	0.783602724169794	-0.611351685343658	0.816495839721131	1.55795732503826	1.76443167365132	-1.23625501517186	-0.94181704958878	-1.56231012098968
TRINITY_DN79180_c4_g1_i3	1.26156248749055	0.616978949557798	0.0341973941361682	-0.369263753835056	-0.357779553564692	-0.370705728008963	-0.204633052062257	-0.369263753835056	-0.241092989878493
TRINITY_DN68993_c1_g1_i1	0.932622064945287	0.708675779591972	0.840727561712664	-1.15722292537942	-1.01603955447002	-1.17065150041783	0.435479835558525	-0.0694050465880061	0.495813785046828
TRINITY_DN83546_c1_g1_i1	-2.53289108880115	-1.75868094325897	-1.02794856493344	2.68544056596989	1.15338350540206	2.28093442416336	-0.244423652693297	-0.395557561652174	-0.160256684196269
TRINITY_DN83378_c4_g8_i2	-1.34245821214414	-1.34245821214414	-1.34245821214414	1.70821760817298	-1.34245821214414	0.494677701779042	0.0165006136881884	1.63133671750846	1.51910020742789
TRINITY_DN83725_c2_g5_i2	-0.336256619372307	-1.99421535335227	-2.15269941425787	2.93613695974321	1.46530908189913	4.18200633068464	-1.58762591944317	-0.899384013159529	-1.61327105274184
TRINITY_DN82301_c1_g3_i8	0.646217407606568	-0.939496301171596	-0.703960694461135	-1.10155305928057	-1.18327358832431	-1.08899688741348	2.37145723434714	1.64678055706693	0.352825331630442
TRINITY_DN79425_c0_g2_i1	-1.28285741186769	-1.29944763053901	-1.16708741006503	2.5426901726554	1.16394583788557	0.837005344568851	1.29213128036866	-1.03513025882174	-1.05124992418502
TRINITY_DN77143_c0_g1_i6	-1.99010179228045	-2.03670882308564	-2.12891626118273	3.13411814465107	3.37878325312997	-1.12891626118273	1.47396814753569	0.111703368129032	-0.813929775714213
TRINITY_DN79580_c0_g1_i3	-1.13073303739896	-1.24762628147361	-1.28598981861267	1.47530475349011	0.790241904116832	0.877264966354197	0.563232455398856	0.114261511286468	-0.15595645316122
TRINITY_DN81686_c2_g1_i1	2.64017531746245	1.36167923011001	2.90504381138923	-1.2248554456381	-1.02263548044215	-0.941736793760975	-1.27562598806155	-1.11957840879438	-1.32246624226452
TRINITY_DN82410_c0_g3_i1	-1.65620046122982	-1.65764243540373	-1.65764243540373	2.97258828045596	-1.65764243540373	-1.65764243540373	2.43194045772098	1.36915762393999	1.51308384072782
TRINITY_DN80159_c1_g5_i30	-0.431717949675182	-0.34322517335407	-0.877501808849049	1.59544967168425	1.10258555439082	1.27769954054428	-0.94037708308314	-0.543819004411957	-0.839093747245959
TRINITY_DN79252_c1_g6_i1	-1.78958369811138	-1.79102567228529	-1.79102567228529	3.7696281497482	4.5253373269983	2.44974658279132	-1.79102567228529	-1.79102567228529	-1.79102567228529
TRINITY_DN77505_c0_g2_i2	0.464980918061566	1.14893883447275	0.957268192686346	-1.13290775710386	-1.13146578292995	-1.07216859924618	1.4390117061417	-1.13290775710386	0.459250245021499
TRINITY_DN77339_c0_g1_i1	5.18282203235017	5.55473230240201	1.6380292315457	-1.88789162823967	-1.45157790818963	-2.10203721811163	-1.53578042027638	-2.79458738354255	-2.60370900793802
TRINITY_DN75314_c0_g1_i2	1.15633967283784	0.312011414263332	0.632289771931602	-0.471023828598859	-0.250456448670738	0.00443861235303961	-0.442927613643134	-0.478134217762049	-0.462537362711031
TRINITY_DN83265_c3_g2_i1	1.30401004350584	0.552106249267402	0.813504018464089	-1.00370990579424	-1.00370990579424	-1.00370990579424	-0.923734529073642	0.944143237592779	0.321100697626246
TRINITY_DN75622_c2_g1_i1	-3.04927278875249	-4.15056249904335	-2.93376860280173	5.05391302502075	6.71329755336666	3.82526007215137	-1.11242737015658	-2.60422323598698	-1.74221615379766
TRINITY_DN31656_c0_g1_i1	1.75662383246928	0.994209104967599	0.908335827478154	-0.75362178694841	-0.849881088824205	-0.950829760214672	-0.330475218314059	-0.582988297036872	-0.191372613576816
TRINITY_DN38729_c0_g1_i1	-1.61548592260424	-2.17830944605614	-1.83842930634604	3.41152702903348	4.36076186747533	3.20711380448683	-1.39521980237618	-1.58065492769431	-2.37130329591874
TRINITY_DN196112_c0_g1_i1	0.758362847318562	0.244496421277517	1.96602783074085	-0.922861506460998	-0.922861506460998	-0.922861506460998	-0.730036102908606	-0.922861506460998	1.45259502941566
TRINITY_DN76360_c0_g3_i1	2.79442096123669	0.603429821534335	1.12164958929916	-1.02043704031836	-1.02043704031836	-1.02043704031836	-1.02043704031836	0.582684829521633	-1.02043704031836
TRINITY_DN66987_c1_g2_i1	0.825605381541913	1.36093711453847	0.39031427294	-0.446417807519136	-0.446417807519136	-0.446417807519136	-0.446417807519136	-0.344767731424701	-0.446417807519136
TRINITY_DN80568_c1_g1_i5	1.58743130118171	0.523570083118256	0.939535659007354	-0.587684056522593	-0.697378921348523	-0.640795392982156	-0.683023628371453	-0.204756592774078	-0.236898451308513
TRINITY_DN2742_c0_g1_i1	-1.14538362647839	-1.51275469212692	-1.51275469212692	2.26534872773911	2.85377735341021	1.42966597633689	-0.659158185924406	-1.1701999466496	-0.548540914179979
TRINITY_DN65042_c1_g1_i1	1.06061018691293	-0.977057802386037	0.0111148232816349	-0.914362146405493	-1.36749181100581	-1.37368098841261	1.17357827665585	1.00062591690162	1.38666354445791
TRINITY_DN75929_c0_g1_i4	1.64210200204706	-0.131284413709645	1.85699582207676	-1.02192565767309	-1.02192565767309	-0.970901654648622	-1.01473015626889	0.448481053146241	0.213188662703268
TRINITY_DN44279_c1_g1_i1	-1.07297984620149	0.480419910449445	-1.10313131020995	2.0704753315093	2.05155434578413	1.99971263266338	-1.9061340802649	-0.863217375311947	-1.65669960841796
TRINITY_DN2768_c0_g1_i1	1.1306451958635	1.30689895489248	1.48312888985698	-0.907601342347308	-0.92565138170403	-0.883460571443231	-0.627794926821477	-0.930850288378349	0.35468547008143
TRINITY_DN58933_c0_g1_i1	2.17211731312314	2.93942413133259	-1.15689447841153	-1.83946777575911	-1.83946777575911	-1.83946777575911	5.24269191275135	-1.83946777575911	-1.83946777575911
TRINITY_DN83341_c1_g1_i3	-1.02272020366844	-0.368875991559337	-1.08985380088981	1.55453156456002	1.9808022728729	1.36726719067816	-0.857556351842799	-0.105733692441951	-1.45786098770876
TRINITY_DN83413_c0_g2_i7	0.516534410536209	0.21105498398356	0.268453714940162	-0.200956939126844	0.192767055485007	-0.0774424026414902	-0.30395093245017	-0.30395093245017	-0.302508958276264
TRINITY_DN79959_c4_g1_i1	-1.89902917517349	0.445988208137015	-0.763437845374343	2.27939607505223	1.93694432845153	2.27754281395969	-1.81757977445538	-1.05914787733129	-1.40067675326597
TRINITY_DN65042_c0_g1_i1	-0.140725732826865	-0.361238276865548	0.00562298664925631	-0.911048629751848	-1.05878004617641	-0.955902865536108	0.746781594058143	1.27737912669454	1.39791184375484
TRINITY_DN83427_c1_g1_i1	0.953062714458187	0.207433308262029	-0.314924656069798	-2.5116448413641	-3.39789018148124	-3.56642987162817	3.04372432166143	2.63813802312126	2.9485311830404
TRINITY_DN82301_c1_g3_i13	0.811151204115793	0.831779743891559	-0.135889693400317	-2.63975076549355	-2.93024999991259	-2.8279766578372	2.49405997860228	1.94903677589206	2.44783941414198
TRINITY_DN65205_c0_g1_i3	0.98093720699196	0.140443638593229	0.429851491794275	-0.268811508091609	-0.258747824746912	-0.241657456587883	-0.268811508091609	-0.258747824746912	-0.254456215114539
TRINITY_DN73902_c0_g1_i1	-0.808947242837288	-1.13186188023058	-1.63769421515692	2.24297689140144	1.80630843307207	0.956580251998093	-0.0574835582846367	-0.68940765348968	-0.680471026472491
TRINITY_DN79930_c0_g1_i2	0.852155730128671	0.709998912289535	0.880352621959323	-0.401716147064171	0.230513638072374	-0.379256696531898	-0.675032503563291	-0.539100543194131	-0.677915012096413
TRINITY_DN81204_c1_g1_i1	2.52984381772721	2.1506221002399	1.55112096043203	-2.36254535018601	-4.83367065891211	-1.78575425061153	2.50982693522744	-1.20960929535935	1.45016574144241
TRINITY_DN80016_c3_g1_i7	0.564441144557834	1.57462530304271	0.736416053030551	-0.563729619398729	-0.565171593572635	-0.532365448489394	-0.565171593572635	-0.565171593572635	-0.0838726520250703
TRINITY_DN79180_c4_g1_i10	1.65346533233914	0.811724789546736	1.05315108173162	-1.08478178816379	-0.903653942411325	-0.838488895744868	0.622183395212739	-0.964433572479747	-0.349166400030515
TRINITY_DN76412_c0_g1_i3	2.55791672027313	2.44175580095453	-0.421920338629857	-0.765222084309786	-0.48923660676842	-0.72671252120319	-0.865526990105472	-0.865526990105472	-0.865526990105472
TRINITY_DN74267_c0_g1_i1	3.08471338834164	2.07752345144859	0.821901546215002	-1.45964834715164	-1.45964834715164	-1.45964834715164	0.154354697713264	-1.06458554763406	-0.694962494629507
TRINITY_DN82301_c1_g3_i7	-0.0128910326845837	0.271314453758536	-0.309821992329102	-1.52676616307842	-1.29515867539576	-1.06307285785546	1.44310314081712	1.43530828147171	1.05798484529596
TRINITY_DN83619_c1_g1_i2	-0.465362943177401	-0.973692362508782	-1.15387526931653	1.74962888947247	2.14313211886048	2.614592361404	-1.54123781015253	-1.54123781015253	-0.831947174429171
TRINITY_DN77050_c0_g1_i1	1.18478940468795	0.105458078536936	-0.903347818838405	-1.57073601859502	-1.80540396504372	-1.89870643668754	2.78379949155066	1.59156682822088	0.51258043616825
TRINITY_DN83245_c1_g1_i1	-1.56140761478389	-1.08846535608416	-1.22082375443244	2.01810947849828	0.776164371325198	1.70523637901933	-0.730212792835412	0.291590246050593	-0.190190956757504
TRINITY_DN47016_c0_g1_i1	-1.20302538762315	-1.23656740520944	-0.993233003066337	2.44290822033052	3.0342513881123	0.156055705681677	-1.20841193417021	-0.396438741987834	-0.595538842067529
TRINITY_DN83801_c1_g3_i11	2.66748145693338	2.94511917445962	2.43895343514228	-1.61891360144289	-1.26770550696559	-0.80111926706583	-2.70520165669272	0.871807560044739	-2.53042159441299
TRINITY_DN76228_c0_g1_i1	1.20121632740493	0.327461473901869	0.31782887638736	-0.244468462666937	-0.397625250728357	-0.0358568913092041	-0.397625250728357	-0.397625250728357	-0.373305571532945
TRINITY_DN83206_c0_g1_i4	0.209138452428351	0.525165945876029	0.607458556762261	-0.393983417411646	-0.393983417411646	-0.393983417411646	-0.00993361061648601	-0.286965167529525	0.137086075314309
TRINITY_DN64854_c0_g3_i1	-1.97769877722242	-1.97769877722242	-1.97769877722242	-1.97769877722242	1.31963939637941	-0.156805027993852	3.12596670554328	1.90347637812686	1.71851765683398
TRINITY_DN94972_c0_g1_i1	0.471119459973188	-1.06133120358683	-0.239729310206672	-2.03535435100353	-2.55036026743726	-2.31035130270219	4.80386266301951	3.39868434608938	-0.476540034145592
TRINITY_DN84088_c6_g3_i4	1.52479845675598	1.55349698372431	2.08600062067483	-1.08920458810892	-1.08920458810892	0.218223937083326	-1.08920458810892	-1.02570164580276	-1.08920458810892
TRINITY_DN69929_c0_g1_i1	-1.96848979095729	-2.56021440877307	-1.78769929936067	2.49426514672471	2.09373272412557	2.68622742518067	0.670920493786242	-1.16630020105998	-0.462442089666165
TRINITY_DN80090_c0_g3_i11	0.963228514216134	0.749614512443033	0.212652488531275	-0.350017337571428	-0.348575363397521	-0.350017337571428	-0.347134829038306	-0.236316838406699	-0.29343380920506
TRINITY_DN83891_c4_g5_i2	1.10076795567369	0.606698460025573	2.08523048604554	-1.01658370337965	-1.10743713383076	-1.10743713383076	-1.10743713383076	-1.10743713383076	1.65363533695788
TRINITY_DN82301_c1_g3_i14	0.83918626717602	0.369451404245964	-0.210833863631206	-2.67112694705847	-3.31905692921866	-3.00049938704905	2.87096429622422	2.21400953232486	2.90790562698632
TRINITY_DN79816_c2_g2_i1	1.08064947341811	1.58313258249125	0.168990846132247	-1.21947425115091	-1.0676154344239	-1.16845024812644	0.311095952751621	-1.01408173816122	1.32575281706924
TRINITY_DN82130_c1_g4_i4	1.58413788830928	0.847939073348416	0.290688709501516	0.516300355739231	0.998139588782671	-1.06000594876794	-1.06432755471803	-1.06432755471803	-1.04854455747711
TRINITY_DN78109_c4_g1_i1	-1.30651636548753	-0.280923089635721	-0.799258094454413	2.13327051559081	1.6887973407091	2.07613498812712	-1.52559605278315	-0.638547824301303	-1.34736141776492
TRINITY_DN75772_c0_g1_i1	-1.38355062429427	-0.844884714931259	-1.06495223319441	2.05571921140578	1.95853591772527	1.81517502584806	-0.91790103798594	-0.0927816897450748	-1.52535985482815
TRINITY_DN80216_c0_g1_i1	2.00851774613542	3.09773338961274	0.154909382183841	-2.71302249883961	-3.2644435841815	-3.21052215831043	2.60265461490569	-0.852725351867659	2.17689846036151
TRINITY_DN10862_c0_g1_i1	0.501964430667605	1.16460519124993	2.57990209807076	-0.245166834299057	-0.871381967418422	0.802294519407213	-1.31073914589268	-1.31073914589268	-1.31073914589268
TRINITY_DN83447_c10_g1_i1	1.55350389667376	1.79868767214875	1.81558759733912	-1.37059598896698	-1.37059598896698	-1.37059598896698	0.824436576044475	-1.37059598896698	-0.509831786338157
TRINITY_DN80518_c0_g1_i8	-0.0119830439676529	2.09705486657633	1.59308703020208	-2.28082752493926	-1.95823423598453	-1.76514586566166	2.26597798201309	-0.610469284287176	0.670540076048779
TRINITY_DN81028_c1_g1_i1	1.95705350065633	0.399163968393086	0.508149371765321	-1.10927404016808	-1.13343135876277	-1.07507912028448	1.16914969995875	-0.966215644578446	0.250483623020291
TRINITY_DN80772_c3_g1_i1	2.16800613505015	4.53253834462111	1.1190559693727	-1.37616094922489	-1.20054587970873	-2.23097572838066	-0.862124859620628	-0.756224692091362	-1.39356834001768
TRINITY_DN81191_c1_g1_i1	-0.824835206504725	-0.471336283014798	-1.6054555803926	1.77700726502353	2.06955323561285	1.72802717254105	-2.36994958210425	0.813480846149399	-1.11649186731045
TRINITY_DN42930_c0_g1_i1	-1.05589923194534	-1.44214830779956	-1.36779696169544	0.783310416584674	1.76452911493083	0.952797773539817	0.329563911156449	0.382764985642351	-0.347121700413785
TRINITY_DN79231_c0_g1_i1	0.290520902304571	0.131639000474015	-0.884560128139585	-1.73092891223671	-1.68176929961738	-1.3229632422285	2.22055711460317	1.91528281507485	1.06222174976556
TRINITY_DN82731_c0_g1_i1	-1.44429588864322	-1.48186417442531	-0.929417953278608	2.12461829203079	0.675901823515539	1.923921580691	-0.604222788030308	-0.206456442328551	-0.0581844495313319
TRINITY_DN81176_c0_g1_i1	1.41210197375456	0.641974667040771	0.36893256195672	-0.245777282158489	-0.567443283296218	0.240847299369375	-0.670633842467778	-0.54275901991562	-0.637243074283319
TRINITY_DN81307_c2_g1_i9	-1.56576860312857	-0.760101823266778	-1.06857976883204	1.8116428763144	1.87088104842616	1.64896693936604	-1.23949597267741	-0.0449929485144267	-0.652551747687382
TRINITY_DN83248_c2_g3_i11	-1.7769747053288	0.158112782110371	-1.89433165596696	2.34503585990458	2.7586076385702	2.49061283628491	-1.58092267617113	-0.867555283409543	-1.63258479599363
TRINITY_DN83220_c1_g6_i17	0.480051407236669	0.699083251603106	0.656748414444751	-0.340482496334901	-0.401221654192579	-0.401221654192579	-0.351590886467979	0.0497915887513937	-0.391157970847882
TRINITY_DN82622_c2_g2_i2	-2.80828967044848	-2.58169726058275	-1.84906107945842	1.83969768355245	2.21703680405423	2.86411346716215	0.386748005542409	-0.0290865856184679	-0.0394613642031247
TRINITY_DN84053_c1_g9_i6	0.964735516460269	0.889217844034908	0.977092722980251	-0.737922026930642	-0.737922026930642	-0.605674228632202	0.0131131497372198	-0.489387190791964	-0.273253759927198
TRINITY_DN77166_c0_g2_i1	1.63508432637939	0.920932165335035	0.128867449807468	-0.774170820305444	-0.774170820305444	-0.774170820305444	1.18597016000532	-0.774170820305444	-0.774170820305444
TRINITY_DN80807_c0_g1_i1	0.280632283153412	2.5971260906534	0.923105205091106	-1.82697848140944	-1.63619670267112	-1.69877629442636	1.0141905215909	-1.45704251345593	1.80393989147403
TRINITY_DN78418_c2_g1_i1	-0.241879393664144	0.851860421504634	-1.08343388910755	1.78565083402024	1.38464959978266	1.57237701274889	-1.88762847027183	-1.00531719919154	-1.37627891582136
TRINITY_DN83676_c7_g1_i1	-0.621984159725176	-0.81579049595094	-1.84559396245451	2.78074273825851	1.85414748801457	1.87102253708705	-1.07299104356699	-0.686526720969	-1.46302638069351
TRINITY_DN45220_c0_g1_i1	1.41318639328436	1.12320379619694	0.136236360349285	-0.53562148616457	-0.601882928433292	0.215330995825035	-0.601882928433292	-0.601882928433292	-0.546687274191167
TRINITY_DN83277_c8_g1_i2	0.427665003479611	-0.164481809956292	-1.30605620425793	-1.72153340595821	-1.71051850223463	-2.31493900783857	2.77678862351564	2.27860794157831	1.73446736167207
TRINITY_DN81122_c1_g1_i1	0.672907993107656	1.82981985249881	0.75995331020888	-0.715675728391518	-0.729009418874619	-0.810290107343132	-0.62439241542959	0.306058960860787	-0.689372446637275
TRINITY_DN64330_c0_g1_i2	-0.540360739837908	-0.718408846767106	-2.21003285455632	1.35302744619273	1.64195480902221	1.85239265696318	-0.477645965940646	-0.20936073945407	-0.691565765622071
TRINITY_DN80938_c1_g3_i7	1.69010351311395	0.838058354051061	1.5001429670097	-0.671384139029118	-0.671384139029118	-0.671384139029118	-0.671384139029118	-0.671384139029118	-0.671384139029118
TRINITY_DN79870_c0_g1_i4	0.699117772249345	0.867656233420695	1.22286048318236	-0.773889795666828	-0.773889795666828	1.03717015207325	-0.773889795666828	-0.731245458258335	-0.773889795666828
TRINITY_DN71644_c2_g2_i1	2.06865700357602	1.26289815983243	2.51645662545318	-1.10670791019941	-0.699627134748911	-1.10670791019941	-1.10670791019941	-0.721553013315068	-1.10670791019941
TRINITY_DN29805_c0_g1_i1	-1.14352024885916	-1.75234428241469	-1.10931839996681	1.36609689709701	0.999700008606649	1.53760826359821	0.0912851531722456	-0.162877578718946	0.173370187485483
TRINITY_DN72713_c0_g2_i1	-0.333082972533581	-0.909966248474133	-1.35787990399967	3.07316238427118	3.79801882924826	0.565664168633725	-1.45425203819887	-1.68009224576823	-1.70157197317868
